Lexical Frequencies

Linear SVM


Unknown: Unknown To The People.txt (unknown)
14.91, 15.90, 16.19, 15.90, 16.96, 16.21, 15.90, 16.18, 16.21, 16.96, 16.19, 14.05, 15.68, 14.99, 15.90, 12.35, 16.21, 15.48, 16.18, 13.53, 14.95, 16.18, 14.97, 16.18, 16.21, 16.18, 15.68, 15.48, 15.90, 16.96, 15.08, 13.80, 16.96, 16.21, 13.17, 14.78, 15.68, 16.21, 16.35, 13.95, 14.78, 16.19, 16.35, 12.87, 14.35, 16.96, 15.79, 16.35, 14.40, 16.18, 15.90, 16.96, 16.19, 15.90, 16.96, 13.74, 16.96, 14.45, 15.79, 14.77, 16.35, 16.21, 13.59, 14.95, 14.45, 16.18, 15.79, 14.92, 14.78, 16.18, 15.79, 12.82, 16.21, 16.35, 14.45, 14.27, 15.79, 12.82, 14.45, 16.18, 16.35, 16.96, 15.79, 16.35, 15.79, 14.92, 16.35, 14.57, 14.79, 15.79, 14.50, 16.18, 16.18, 15.08, 14.05, 15.08, 16.96, 15.79, 16.35, 16.96, 16.21, 16.96, 14.45, 14.40, 13.74, 13.65, 16.18, 14.50, 16.96, 16.96, 15.79, 16.35, 16.19, 16.18, 15.79, 13.96, 14.97, 14.78, 16.96, 15.79, 13.53, 13.96, 15.90, 13.95, 16.21, 13.95, 16.21, 12.87, 15.79, 15.37, 14.50, 14.99, 14.97, 15.08, 16.96, 15.48, 14.91, 15.90, 14.78, 15.48, 14.91, 14.91, 16.35, 14.79, 16.35, 13.95, 15.79, 14.78, 16.35, 15.08, 16.19, 14.91, 16.19, 14.35, 15.48, 15.08, 16.96, 15.48, 16.18, 13.30, 14.50, 14.99, 15.90, 16.19, 12.35, 15.48, 15.68, 16.19, 16.21, 15.68, 14.77, 16.35, 16.35, 12.35, 14.50, 16.19, 15.37, 16.35, 14.95, 13.74, 14.40, 14.78, 14.40, 15.37, 14.35, 14.92, 15.42, 14.79, 14.03, 14.91, 14.40, 14.03, 15.90, 13.17, 15.42, 16.19, 16.18, 13.19, 14.79, 16.21, 16.18, 16.19, 16.18, 14.50, 14.97, 14.79, 16.21, 14.97, 13.64, 16.19, 14.97, 13.59, 15.90, 14.77, 14.03, 14.78, 14.03, 14.06, 14.95, 16.96, 15.42, 16.96, 14.35, 14.95, 16.96, 16.21, 16.96, 15.90, 16.21, 14.35, 16.96, 14.03, 14.30, 14.78, 16.96, 14.03, 14.30, 16.21, 14.99, 16.96, 16.21, 14.56, 13.53, 12.87, 12.35, 13.64, 16.19, 14.35, 15.42, 16.96, 16.21, 15.48, 15.90, 14.56, 16.96, 16.96, 16.21, 15.90, 15.42, 13.74, 15.37, 16.19, 14.77, 14.95, 16.18, 14.57, 14.50, 16.19, 14.79, 16.96, 16.21, 16.96, 14.50, 15.48, 14.56, 15.08, 16.96, 14.30, 16.35, 14.45, 16.96, 15.37, 13.53, 15.08, 13.65, 16.19, 13.65, 15.79, 13.74, 16.21, 16.96, 15.90, 16.18, 15.42, 16.96, 14.79, 15.37, 16.35, 16.96, 16.18, 16.21, 14.35, 16.96, 16.19, 16.96, 15.08, 16.96, 16.21, 16.96, 16.96, 16.19, 16.18, 15.42, 15.48, 14.77, 14.95, 12.35, 16.35, 14.95, 16.19, 16.18, 16.21, 16.19, 15.08, 13.74, 15.42, 15.79, 14.92, 13.51, 16.21, 16.19, 15.48, 16.96, 15.68, 13.53, 14.27, 12.87, 16.35, 14.30, 16.19, 14.30, 13.53, 16.18, 16.35, 16.18, 14.03, 14.95, 14.03, 16.19, 12.35, 15.37, 15.90, 16.19, 15.48, 11.27, 12.87, 14.92, 14.03, 16.35, 15.48, 14.35, 16.35, 15.68, 13.95, 15.37, 15.68, 16.35, 15.68, 16.96, 16.21, 14.35, 11.27, 15.90, 16.19, 12.35, 16.21, 16.19, 16.35, 14.35, 14.95, 16.35, 16.18, 16.96, 16.96, 14.35, 14.95, 16.21, 16.96, 14.35, 14.95, 16.19, 14.05, 14.35, 16.21, 16.19, 14.95, 14.45, 14.57, 16.35, 16.19, 14.03, 16.96, 14.03, 16.35, 11.27, 14.03, 14.30, 12.82, 16.96, 13.98, 16.19, 15.68, 14.77, 16.35, 14.95, 15.37, 14.06, 14.95, 15.37, 13.53, 15.48, 15.37, 13.98, 15.48, 14.35, 14.95, 16.96, 16.21, 16.35, 15.68, 16.19, 15.48, 15.37, 13.98, 15.90, 15.68, 14.79, 12.87, 16.35, 16.19, 15.79, 15.90, 16.96, 16.21, 16.19, 16.96, 15.37, 14.97, 16.96, 16.21, 14.78, 15.90, 15.79, 13.30, 14.92, 15.37, 16.35, 16.19, 12.35, 15.37, 16.18, 15.42, 16.96, 16.21, 16.35, 14.95, 14.78, 15.79, 14.79, 16.21, 16.19, 14.79, 16.35, 14.79, 13.95, 14.57, 15.79, 15.48, 15.79, 14.95, 16.35, 14.50, 16.19, 15.68, 16.35, 12.35, 14.35, 16.96, 15.90, 16.35, 16.96, 16.96, 14.95, 14.45, 16.96, 15.79, 15.37, 14.27, 16.21, 16.19, 16.35, 14.95, 14.03, 13.59, 14.03, 14.92, 16.21, 13.17, 14.78, 16.96, 15.42, 16.96, 16.21, 14.79, 14.79, 13.17, 16.96, 16.21, 14.27, 14.50, 14.99, 15.68, 14.79, 14.79, 16.18, 14.50, 15.79, 14.92, 16.21, 14.35, 15.42, 14.78, 16.96, 15.79, 14.92, 14.79, 14.79, 14.57, 13.41, 16.96, 16.96, 14.06, 14.92, 15.37, 15.79, 15.37, 15.90, 16.96, 16.21, 16.19, 15.79, 13.53, 15.37, 16.35, 15.79, 14.30, 13.96, 14.57, 16.19, 15.48, 14.30, 14.45, 16.96, 14.40, 15.68, 14.79, 16.18, 15.42, 16.18, 16.18, 13.80, 14.91, 16.19, 14.79, 15.79, 14.92, 13.95, 16.21, 16.96, 14.95, 15.37, 14.45, 16.35, 14.27, 14.78, 15.37, 16.35, 14.95, 16.19, 15.90, 16.35, 15.68, 12.87, 14.78, 15.90, 16.96, 14.05, 14.79, 16.18, 16.19, 14.30, 15.79, 15.90, 13.95, 16.96, 13.74, 14.97, 13.95, 15.90, 15.79, 14.92, 16.35, 16.96, 16.19, 14.92, 16.18, 12.87, 16.35, 15.48, 16.96, 14.35, 16.96, 15.79, 13.19, 14.95, 14.79, 15.90, 14.78, 14.79, 13.98, 13.19, 14.57, 14.99, 15.79, 14.30, 15.48, 15.79, 14.92, 13.96, 15.90, 14.57, 16.96, 16.21, 13.95, 16.35, 14.97, 16.96Nearest Neighbor Driver with metric Cosine Distance


Unknown: Unknown To The People.txt (unknown)
14.91, 15.90, 16.19, 15.90, 16.96, 16.21, 15.90, 16.18, 16.21, 16.96, 16.19, 14.05, 15.68, 14.99, 15.90, 12.35, 16.21, 15.48, 16.18, 13.53, 14.95, 16.18, 14.97, 16.18, 16.21, 16.18, 15.68, 15.48, 15.90, 16.96, 15.08, 13.80, 16.96, 16.21, 13.17, 14.78, 15.68, 16.21, 16.35, 13.95, 14.78, 16.19, 16.35, 12.87, 14.35, 16.96, 15.79, 16.35, 14.40, 16.18, 15.90, 16.96, 16.19, 15.90, 16.96, 13.74, 16.96, 14.45, 15.79, 14.77, 16.35, 16.21, 13.59, 14.95, 14.45, 16.18, 15.79, 14.92, 14.78, 16.18, 15.79, 12.82, 16.21, 16.35, 14.45, 14.27, 15.79, 12.82, 14.45, 16.18, 16.35, 16.96, 15.79, 16.35, 15.79, 14.92, 16.35, 14.57, 14.79, 15.79, 14.50, 16.18, 16.18, 15.08, 14.05, 15.08, 16.96, 15.79, 16.35, 16.96, 16.21, 16.96, 14.45, 14.40, 13.74, 13.65, 16.18, 14.50, 16.96, 16.96, 15.79, 16.35, 16.19, 16.18, 15.79, 13.96, 14.97, 14.78, 16.96, 15.79, 13.53, 13.96, 15.90, 13.95, 16.21, 13.95, 16.21, 12.87, 15.79, 15.37, 14.50, 14.99, 14.97, 15.08, 16.96, 15.48, 14.91, 15.90, 14.78, 15.48, 14.91, 14.91, 16.35, 14.79, 16.35, 13.95, 15.79, 14.78, 16.35, 15.08, 16.19, 14.91, 16.19, 14.35, 15.48, 15.08, 16.96, 15.48, 16.18, 13.30, 14.50, 14.99, 15.90, 16.19, 12.35, 15.48, 15.68, 16.19, 16.21, 15.68, 14.77, 16.35, 16.35, 12.35, 14.50, 16.19, 15.37, 16.35, 14.95, 13.74, 14.40, 14.78, 14.40, 15.37, 14.35, 14.92, 15.42, 14.79, 14.03, 14.91, 14.40, 14.03, 15.90, 13.17, 15.42, 16.19, 16.18, 13.19, 14.79, 16.21, 16.18, 16.19, 16.18, 14.50, 14.97, 14.79, 16.21, 14.97, 13.64, 16.19, 14.97, 13.59, 15.90, 14.77, 14.03, 14.78, 14.03, 14.06, 14.95, 16.96, 15.42, 16.96, 14.35, 14.95, 16.96, 16.21, 16.96, 15.90, 16.21, 14.35, 16.96, 14.03, 14.30, 14.78, 16.96, 14.03, 14.30, 16.21, 14.99, 16.96, 16.21, 14.56, 13.53, 12.87, 12.35, 13.64, 16.19, 14.35, 15.42, 16.96, 16.21, 15.48, 15.90, 14.56, 16.96, 16.96, 16.21, 15.90, 15.42, 13.74, 15.37, 16.19, 14.77, 14.95, 16.18, 14.57, 14.50, 16.19, 14.79, 16.96, 16.21, 16.96, 14.50, 15.48, 14.56, 15.08, 16.96, 14.30, 16.35, 14.45, 16.96, 15.37, 13.53, 15.08, 13.65, 16.19, 13.65, 15.79, 13.74, 16.21, 16.96, 15.90, 16.18, 15.42, 16.96, 14.79, 15.37, 16.35, 16.96, 16.18, 16.21, 14.35, 16.96, 16.19, 16.96, 15.08, 16.96, 16.21, 16.96, 16.96, 16.19, 16.18, 15.42, 15.48, 14.77, 14.95, 12.35, 16.35, 14.95, 16.19, 16.18, 16.21, 16.19, 15.08, 13.74, 15.42, 15.79, 14.92, 13.51, 16.21, 16.19, 15.48, 16.96, 15.68, 13.53, 14.27, 12.87, 16.35, 14.30, 16.19, 14.30, 13.53, 16.18, 16.35, 16.18, 14.03, 14.95, 14.03, 16.19, 12.35, 15.37, 15.90, 16.19, 15.48, 11.27, 12.87, 14.92, 14.03, 16.35, 15.48, 14.35, 16.35, 15.68, 13.95, 15.37, 15.68, 16.35, 15.68, 16.96, 16.21, 14.35, 11.27, 15.90, 16.19, 12.35, 16.21, 16.19, 16.35, 14.35, 14.95, 16.35, 16.18, 16.96, 16.96, 14.35, 14.95, 16.21, 16.96, 14.35, 14.95, 16.19, 14.05, 14.35, 16.21, 16.19, 14.95, 14.45, 14.57, 16.35, 16.19, 14.03, 16.96, 14.03, 16.35, 11.27, 14.03, 14.30, 12.82, 16.96, 13.98, 16.19, 15.68, 14.77, 16.35, 14.95, 15.37, 14.06, 14.95, 15.37, 13.53, 15.48, 15.37, 13.98, 15.48, 14.35, 14.95, 16.96, 16.21, 16.35, 15.68, 16.19, 15.48, 15.37, 13.98, 15.90, 15.68, 14.79, 12.87, 16.35, 16.19, 15.79, 15.90, 16.96, 16.21, 16.19, 16.96, 15.37, 14.97, 16.96, 16.21, 14.78, 15.90, 15.79, 13.30, 14.92, 15.37, 16.35, 16.19, 12.35, 15.37, 16.18, 15.42, 16.96, 16.21, 16.35, 14.95, 14.78, 15.79, 14.79, 16.21, 16.19, 14.79, 16.35, 14.79, 13.95, 14.57, 15.79, 15.48, 15.79, 14.95, 16.35, 14.50, 16.19, 15.68, 16.35, 12.35, 14.35, 16.96, 15.90, 16.35, 16.96, 16.96, 14.95, 14.45, 16.96, 15.79, 15.37, 14.27, 16.21, 16.19, 16.35, 14.95, 14.03, 13.59, 14.03, 14.92, 16.21, 13.17, 14.78, 16.96, 15.42, 16.96, 16.21, 14.79, 14.79, 13.17, 16.96, 16.21, 14.27, 14.50, 14.99, 15.68, 14.79, 14.79, 16.18, 14.50, 15.79, 14.92, 16.21, 14.35, 15.42, 14.78, 16.96, 15.79, 14.92, 14.79, 14.79, 14.57, 13.41, 16.96, 16.96, 14.06, 14.92, 15.37, 15.79, 15.37, 15.90, 16.96, 16.21, 16.19, 15.79, 13.53, 15.37, 16.35, 15.79, 14.30, 13.96, 14.57, 16.19, 15.48, 14.30, 14.45, 16.96, 14.40, 15.68, 14.79, 16.18, 15.42, 16.18, 16.18, 13.80, 14.91, 16.19, 14.79, 15.79, 14.92, 13.95, 16.21, 16.96, 14.95, 15.37, 14.45, 16.35, 14.27, 14.78, 15.37, 16.35, 14.95, 16.19, 15.90, 16.35, 15.68, 12.87, 14.78, 15.90, 16.96, 14.05, 14.79, 16.18, 16.19, 14.30, 15.79, 15.90, 13.95, 16.96, 13.74, 14.97, 13.95, 15.90, 15.79, 14.92, 16.35, 16.96, 16.19, 14.92, 16.18, 12.87, 16.35, 15.48, 16.96, 14.35, 16.96, 15.79, 13.19, 14.95, 14.79, 15.90, 14.78, 14.79, 13.98, 13.19, 14.57, 14.99, 15.79, 14.30, 15.48, 15.79, 14.92, 13.96, 15.90, 14.57, 16.96, 16.21, 13.95, 16.35, 14.97, 16.96WEKA Multilayer Perceptron


Unknown: Unknown To The People.txt (unknown)
14.91, 15.90, 16.19, 15.90, 16.96, 16.21, 15.90, 16.18, 16.21, 16.96, 16.19, 14.05, 15.68, 14.99, 15.90, 12.35, 16.21, 15.48, 16.18, 13.53, 14.95, 16.18, 14.97, 16.18, 16.21, 16.18, 15.68, 15.48, 15.90, 16.96, 15.08, 13.80, 16.96, 16.21, 13.17, 14.78, 15.68, 16.21, 16.35, 13.95, 14.78, 16.19, 16.35, 12.87, 14.35, 16.96, 15.79, 16.35, 14.40, 16.18, 15.90, 16.96, 16.19, 15.90, 16.96, 13.74, 16.96, 14.45, 15.79, 14.77, 16.35, 16.21, 13.59, 14.95, 14.45, 16.18, 15.79, 14.92, 14.78, 16.18, 15.79, 12.82, 16.21, 16.35, 14.45, 14.27, 15.79, 12.82, 14.45, 16.18, 16.35, 16.96, 15.79, 16.35, 15.79, 14.92, 16.35, 14.57, 14.79, 15.79, 14.50, 16.18, 16.18, 15.08, 14.05, 15.08, 16.96, 15.79, 16.35, 16.96, 16.21, 16.96, 14.45, 14.40, 13.74, 13.65, 16.18, 14.50, 16.96, 16.96, 15.79, 16.35, 16.19, 16.18, 15.79, 13.96, 14.97, 14.78, 16.96, 15.79, 13.53, 13.96, 15.90, 13.95, 16.21, 13.95, 16.21, 12.87, 15.79, 15.37, 14.50, 14.99, 14.97, 15.08, 16.96, 15.48, 14.91, 15.90, 14.78, 15.48, 14.91, 14.91, 16.35, 14.79, 16.35, 13.95, 15.79, 14.78, 16.35, 15.08, 16.19, 14.91, 16.19, 14.35, 15.48, 15.08, 16.96, 15.48, 16.18, 13.30, 14.50, 14.99, 15.90, 16.19, 12.35, 15.48, 15.68, 16.19, 16.21, 15.68, 14.77, 16.35, 16.35, 12.35, 14.50, 16.19, 15.37, 16.35, 14.95, 13.74, 14.40, 14.78, 14.40, 15.37, 14.35, 14.92, 15.42, 14.79, 14.03, 14.91, 14.40, 14.03, 15.90, 13.17, 15.42, 16.19, 16.18, 13.19, 14.79, 16.21, 16.18, 16.19, 16.18, 14.50, 14.97, 14.79, 16.21, 14.97, 13.64, 16.19, 14.97, 13.59, 15.90, 14.77, 14.03, 14.78, 14.03, 14.06, 14.95, 16.96, 15.42, 16.96, 14.35, 14.95, 16.96, 16.21, 16.96, 15.90, 16.21, 14.35, 16.96, 14.03, 14.30, 14.78, 16.96, 14.03, 14.30, 16.21, 14.99, 16.96, 16.21, 14.56, 13.53, 12.87, 12.35, 13.64, 16.19, 14.35, 15.42, 16.96, 16.21, 15.48, 15.90, 14.56, 16.96, 16.96, 16.21, 15.90, 15.42, 13.74, 15.37, 16.19, 14.77, 14.95, 16.18, 14.57, 14.50, 16.19, 14.79, 16.96, 16.21, 16.96, 14.50, 15.48, 14.56, 15.08, 16.96, 14.30, 16.35, 14.45, 16.96, 15.37, 13.53, 15.08, 13.65, 16.19, 13.65, 15.79, 13.74, 16.21, 16.96, 15.90, 16.18, 15.42, 16.96, 14.79, 15.37, 16.35, 16.96, 16.18, 16.21, 14.35, 16.96, 16.19, 16.96, 15.08, 16.96, 16.21, 16.96, 16.96, 16.19, 16.18, 15.42, 15.48, 14.77, 14.95, 12.35, 16.35, 14.95, 16.19, 16.18, 16.21, 16.19, 15.08, 13.74, 15.42, 15.79, 14.92, 13.51, 16.21, 16.19, 15.48, 16.96, 15.68, 13.53, 14.27, 12.87, 16.35, 14.30, 16.19, 14.30, 13.53, 16.18, 16.35, 16.18, 14.03, 14.95, 14.03, 16.19, 12.35, 15.37, 15.90, 16.19, 15.48, 11.27, 12.87, 14.92, 14.03, 16.35, 15.48, 14.35, 16.35, 15.68, 13.95, 15.37, 15.68, 16.35, 15.68, 16.96, 16.21, 14.35, 11.27, 15.90, 16.19, 12.35, 16.21, 16.19, 16.35, 14.35, 14.95, 16.35, 16.18, 16.96, 16.96, 14.35, 14.95, 16.21, 16.96, 14.35, 14.95, 16.19, 14.05, 14.35, 16.21, 16.19, 14.95, 14.45, 14.57, 16.35, 16.19, 14.03, 16.96, 14.03, 16.35, 11.27, 14.03, 14.30, 12.82, 16.96, 13.98, 16.19, 15.68, 14.77, 16.35, 14.95, 15.37, 14.06, 14.95, 15.37, 13.53, 15.48, 15.37, 13.98, 15.48, 14.35, 14.95, 16.96, 16.21, 16.35, 15.68, 16.19, 15.48, 15.37, 13.98, 15.90, 15.68, 14.79, 12.87, 16.35, 16.19, 15.79, 15.90, 16.96, 16.21, 16.19, 16.96, 15.37, 14.97, 16.96, 16.21, 14.78, 15.90, 15.79, 13.30, 14.92, 15.37, 16.35, 16.19, 12.35, 15.37, 16.18, 15.42, 16.96, 16.21, 16.35, 14.95, 14.78, 15.79, 14.79, 16.21, 16.19, 14.79, 16.35, 14.79, 13.95, 14.57, 15.79, 15.48, 15.79, 14.95, 16.35, 14.50, 16.19, 15.68, 16.35, 12.35, 14.35, 16.96, 15.90, 16.35, 16.96, 16.96, 14.95, 14.45, 16.96, 15.79, 15.37, 14.27, 16.21, 16.19, 16.35, 14.95, 14.03, 13.59, 14.03, 14.92, 16.21, 13.17, 14.78, 16.96, 15.42, 16.96, 16.21, 14.79, 14.79, 13.17, 16.96, 16.21, 14.27, 14.50, 14.99, 15.68, 14.79, 14.79, 16.18, 14.50, 15.79, 14.92, 16.21, 14.35, 15.42, 14.78, 16.96, 15.79, 14.92, 14.79, 14.79, 14.57, 13.41, 16.96, 16.96, 14.06, 14.92, 15.37, 15.79, 15.37, 15.90, 16.96, 16.21, 16.19, 15.79, 13.53, 15.37, 16.35, 15.79, 14.30, 13.96, 14.57, 16.19, 15.48, 14.30, 14.45, 16.96, 14.40, 15.68, 14.79, 16.18, 15.42, 16.18, 16.18, 13.80, 14.91, 16.19, 14.79, 15.79, 14.92, 13.95, 16.21, 16.96, 14.95, 15.37, 14.45, 16.35, 14.27, 14.78, 15.37, 16.35, 14.95, 16.19, 15.90, 16.35, 15.68, 12.87, 14.78, 15.90, 16.96, 14.05, 14.79, 16.18, 16.19, 14.30, 15.79, 15.90, 13.95, 16.96, 13.74, 14.97, 13.95, 15.90, 15.79, 14.92, 16.35, 16.96, 16.19, 14.92, 16.18, 12.87, 16.35, 15.48, 16.96, 14.35, 16.96, 15.79, 13.19, 14.95, 14.79, 15.90, 14.78, 14.79, 13.98, 13.19, 14.57, 14.99, 15.79, 14.30, 15.48, 15.79, 14.92, 13.96, 15.90, 14.57, 16.96, 16.21, 13.95, 16.35, 14.97, 16.96WEKA SMO


Unknown: Unknown To The People.txt (unknown)
14.91, 15.90, 16.19, 15.90, 16.96, 16.21, 15.90, 16.18, 16.21, 16.96, 16.19, 14.05, 15.68, 14.99, 15.90, 12.35, 16.21, 15.48, 16.18, 13.53, 14.95, 16.18, 14.97, 16.18, 16.21, 16.18, 15.68, 15.48, 15.90, 16.96, 15.08, 13.80, 16.96, 16.21, 13.17, 14.78, 15.68, 16.21, 16.35, 13.95, 14.78, 16.19, 16.35, 12.87, 14.35, 16.96, 15.79, 16.35, 14.40, 16.18, 15.90, 16.96, 16.19, 15.90, 16.96, 13.74, 16.96, 14.45, 15.79, 14.77, 16.35, 16.21, 13.59, 14.95, 14.45, 16.18, 15.79, 14.92, 14.78, 16.18, 15.79, 12.82, 16.21, 16.35, 14.45, 14.27, 15.79, 12.82, 14.45, 16.18, 16.35, 16.96, 15.79, 16.35, 15.79, 14.92, 16.35, 14.57, 14.79, 15.79, 14.50, 16.18, 16.18, 15.08, 14.05, 15.08, 16.96, 15.79, 16.35, 16.96, 16.21, 16.96, 14.45, 14.40, 13.74, 13.65, 16.18, 14.50, 16.96, 16.96, 15.79, 16.35, 16.19, 16.18, 15.79, 13.96, 14.97, 14.78, 16.96, 15.79, 13.53, 13.96, 15.90, 13.95, 16.21, 13.95, 16.21, 12.87, 15.79, 15.37, 14.50, 14.99, 14.97, 15.08, 16.96, 15.48, 14.91, 15.90, 14.78, 15.48, 14.91, 14.91, 16.35, 14.79, 16.35, 13.95, 15.79, 14.78, 16.35, 15.08, 16.19, 14.91, 16.19, 14.35, 15.48, 15.08, 16.96, 15.48, 16.18, 13.30, 14.50, 14.99, 15.90, 16.19, 12.35, 15.48, 15.68, 16.19, 16.21, 15.68, 14.77, 16.35, 16.35, 12.35, 14.50, 16.19, 15.37, 16.35, 14.95, 13.74, 14.40, 14.78, 14.40, 15.37, 14.35, 14.92, 15.42, 14.79, 14.03, 14.91, 14.40, 14.03, 15.90, 13.17, 15.42, 16.19, 16.18, 13.19, 14.79, 16.21, 16.18, 16.19, 16.18, 14.50, 14.97, 14.79, 16.21, 14.97, 13.64, 16.19, 14.97, 13.59, 15.90, 14.77, 14.03, 14.78, 14.03, 14.06, 14.95, 16.96, 15.42, 16.96, 14.35, 14.95, 16.96, 16.21, 16.96, 15.90, 16.21, 14.35, 16.96, 14.03, 14.30, 14.78, 16.96, 14.03, 14.30, 16.21, 14.99, 16.96, 16.21, 14.56, 13.53, 12.87, 12.35, 13.64, 16.19, 14.35, 15.42, 16.96, 16.21, 15.48, 15.90, 14.56, 16.96, 16.96, 16.21, 15.90, 15.42, 13.74, 15.37, 16.19, 14.77, 14.95, 16.18, 14.57, 14.50, 16.19, 14.79, 16.96, 16.21, 16.96, 14.50, 15.48, 14.56, 15.08, 16.96, 14.30, 16.35, 14.45, 16.96, 15.37, 13.53, 15.08, 13.65, 16.19, 13.65, 15.79, 13.74, 16.21, 16.96, 15.90, 16.18, 15.42, 16.96, 14.79, 15.37, 16.35, 16.96, 16.18, 16.21, 14.35, 16.96, 16.19, 16.96, 15.08, 16.96, 16.21, 16.96, 16.96, 16.19, 16.18, 15.42, 15.48, 14.77, 14.95, 12.35, 16.35, 14.95, 16.19, 16.18, 16.21, 16.19, 15.08, 13.74, 15.42, 15.79, 14.92, 13.51, 16.21, 16.19, 15.48, 16.96, 15.68, 13.53, 14.27, 12.87, 16.35, 14.30, 16.19, 14.30, 13.53, 16.18, 16.35, 16.18, 14.03, 14.95, 14.03, 16.19, 12.35, 15.37, 15.90, 16.19, 15.48, 11.27, 12.87, 14.92, 14.03, 16.35, 15.48, 14.35, 16.35, 15.68, 13.95, 15.37, 15.68, 16.35, 15.68, 16.96, 16.21, 14.35, 11.27, 15.90, 16.19, 12.35, 16.21, 16.19, 16.35, 14.35, 14.95, 16.35, 16.18, 16.96, 16.96, 14.35, 14.95, 16.21, 16.96, 14.35, 14.95, 16.19, 14.05, 14.35, 16.21, 16.19, 14.95, 14.45, 14.57, 16.35, 16.19, 14.03, 16.96, 14.03, 16.35, 11.27, 14.03, 14.30, 12.82, 16.96, 13.98, 16.19, 15.68, 14.77, 16.35, 14.95, 15.37, 14.06, 14.95, 15.37, 13.53, 15.48, 15.37, 13.98, 15.48, 14.35, 14.95, 16.96, 16.21, 16.35, 15.68, 16.19, 15.48, 15.37, 13.98, 15.90, 15.68, 14.79, 12.87, 16.35, 16.19, 15.79, 15.90, 16.96, 16.21, 16.19, 16.96, 15.37, 14.97, 16.96, 16.21, 14.78, 15.90, 15.79, 13.30, 14.92, 15.37, 16.35, 16.19, 12.35, 15.37, 16.18, 15.42, 16.96, 16.21, 16.35, 14.95, 14.78, 15.79, 14.79, 16.21, 16.19, 14.79, 16.35, 14.79, 13.95, 14.57, 15.79, 15.48, 15.79, 14.95, 16.35, 14.50, 16.19, 15.68, 16.35, 12.35, 14.35, 16.96, 15.90, 16.35, 16.96, 16.96, 14.95, 14.45, 16.96, 15.79, 15.37, 14.27, 16.21, 16.19, 16.35, 14.95, 14.03, 13.59, 14.03, 14.92, 16.21, 13.17, 14.78, 16.96, 15.42, 16.96, 16.21, 14.79, 14.79, 13.17, 16.96, 16.21, 14.27, 14.50, 14.99, 15.68, 14.79, 14.79, 16.18, 14.50, 15.79, 14.92, 16.21, 14.35, 15.42, 14.78, 16.96, 15.79, 14.92, 14.79, 14.79, 14.57, 13.41, 16.96, 16.96, 14.06, 14.92, 15.37, 15.79, 15.37, 15.90, 16.96, 16.21, 16.19, 15.79, 13.53, 15.37, 16.35, 15.79, 14.30, 13.96, 14.57, 16.19, 15.48, 14.30, 14.45, 16.96, 14.40, 15.68, 14.79, 16.18, 15.42, 16.18, 16.18, 13.80, 14.91, 16.19, 14.79, 15.79, 14.92, 13.95, 16.21, 16.96, 14.95, 15.37, 14.45, 16.35, 14.27, 14.78, 15.37, 16.35, 14.95, 16.19, 15.90, 16.35, 15.68, 12.87, 14.78, 15.90, 16.96, 14.05, 14.79, 16.18, 16.19, 14.30, 15.79, 15.90, 13.95, 16.96, 13.74, 14.97, 13.95, 15.90, 15.79, 14.92, 16.35, 16.96, 16.19, 14.92, 16.18, 12.87, 16.35, 15.48, 16.96, 14.35, 16.96, 15.79, 13.19, 14.95, 14.79, 15.90, 14.78, 14.79, 13.98, 13.19, 14.57, 14.99, 15.79, 14.30, 15.48, 15.79, 14.92, 13.96, 15.90, 14.57, 16.96, 16.21, 13.95, 16.35, 14.97, 16.96