Naming Reaction Times

Linear SVM


Unknown: DEDICATION TO THE ENGLISH NATION.txt (unknown)
592.35, 583.38, 584.16, 662.09, 616.74, 559.14, 570.81, 616.74, 588.90, 608.66, 616.74, 609.43, 590.82, 583.38, 583.56, 588.23, 591.36, 625.46, 662.09, 591.36, 590.82, 584.16, 591.36, 590.00, 588.90, 535.37, 591.36, 588.23, 590.00, 608.66, 588.23, 616.74, 581.70, 577.93, 588.23, 590.00, 558.12, 660.11, 583.56, 601.00, 592.35, 626.84, 583.38, 583.38, 626.84, 583.38, 584.16, 608.66, 583.38, 584.16, 625.46, 588.23, 590.00, 608.66, 590.82, 588.23, 583.38, 581.70, 564.67, 608.66, 616.74, 592.35, 662.09, 578.15, 662.09, 592.35, 608.66, 616.74, 578.15, 588.23, 534.66, 606.32, 601.00, 588.23, 592.35, 605.54, 662.09, 588.90, 608.66, 587.48, 578.15, 558.12, 588.23, 584.16, 583.38, 601.00, 616.74, 608.66, 605.54, 583.38, 662.09, 588.23, 574.96, 581.70, 590.00, 583.38, 608.66, 588.23, 591.36, 564.67, 608.66, 581.70, 559.14, 577.56, 608.66, 598.71, 558.12, 593.89, 616.74, 608.66, 588.23, 591.36, 535.37, 606.32, 581.70, 564.67, 608.66, 616.74, 535.37, 616.74, 535.37, 616.74, 589.92, 625.46, 608.66, 616.74, 558.12, 608.66, 583.38, 639.60, 616.74, 608.66, 581.70, 564.67, 570.16, 598.71, 584.16, 558.26, 590.82, 608.66, 616.74, 558.12, 605.54, 626.84, 589.92, 616.74, 588.23, 592.35, 609.43, 584.16, 583.38, 626.84, 588.90, 605.54, 626.84, 583.38, 608.66, 662.09, 535.37, 534.66, 616.74, 588.23, 662.09, 558.12, 616.74, 608.66, 559.14, 603.26, 662.09, 626.84, 558.12, 583.56, 605.54, 535.37, 592.35, 577.56, 584.16, 558.26, 608.66, 616.74, 588.23, 583.38, 590.82, 654.42, 535.83, 598.71, 626.84, 588.23, 534.66, 626.84, 534.66, 626.84, 577.56, 608.66, 616.74, 608.66, 581.70, 608.66, 616.74, 577.56, 608.66, 588.23, 616.74, 601.00, 588.23, 577.56, 608.66, 616.74, 583.38, 662.09, 558.12, 577.56, 581.70, 601.00, 616.74, 593.89, 564.67, 583.38, 626.84, 535.37, 559.14, 608.66, 558.12, 589.92, 559.14, 608.66, 616.74, 588.23, 581.70, 564.67, 601.00, 590.00, 608.66, 564.67, 608.66, 616.74, 608.66, 581.70, 558.12, 591.36, 569.33, 577.56, 608.66, 581.70, 569.33, 577.56, 534.66, 581.70, 608.66, 583.38, 608.66, 577.56, 534.66, 581.70, 608.66, 558.12, 606.32, 608.66, 559.14, 608.66, 583.56, 608.66, 581.70, 564.67, 616.74, 608.66, 581.70, 564.67, 559.14, 608.66, 616.74, 588.23, 608.66, 616.74, 608.66, 625.46, 559.14, 608.66, 588.23, 616.74, 593.89, 583.56, 626.84, 564.67, 569.33, 577.56, 588.23, 590.82, 577.93, 583.38, 660.11, 625.46, 660.11, 558.26, 588.23, 608.66, 588.23, 558.12, 608.66, 588.23, 608.66, 559.14, 601.00, 616.74, 592.35, 584.16, 558.26, 564.67, 534.66, 583.38, 608.66, 616.74, 559.14, 608.66, 616.74, 660.11, 626.84, 535.37, 616.74, 660.11, 591.36, 616.74, 608.66, 581.70, 577.93, 583.38, 662.09, 608.66, 583.38, 608.66, 590.00, 558.12, 608.66, 616.74, 616.74, 662.09, 616.74, 608.66, 608.66, 616.74, 608.66, 564.67, 608.66, 534.66, 581.70, 569.33, 590.82, 558.12, 608.66, 616.74, 616.74, 592.35, 577.56, 608.66, 616.74, 608.66, 581.70, 608.66, 616.74, 577.56, 588.23, 577.56, 608.66, 616.74, 608.66, 583.38, 662.09, 581.70, 616.74, 608.66, 584.16, 583.38, 589.92, 616.74, 608.66, 608.66, 616.74, 608.66, 581.70, 662.09, 558.12, 588.90, 588.23, 662.09, 588.90, 616.74, 581.70, 588.23, 608.66, 616.74, 662.09, 626.84, 558.12, 608.66, 616.74, 608.66, 577.56, 570.16, 583.56, 590.82, 588.90, 588.23, 625.46, 570.81, 588.90, 583.38, 584.16, 577.56, 558.12, 608.66, 616.74, 598.71, 590.82, 588.23, 608.66, 590.82, 558.12, 660.11, 654.42, 606.32, 608.66, 588.23, 616.74, 608.66, 588.23, 590.82, 654.42, 583.38, 608.66, 577.56, 577.93, 570.81, 558.12, 587.48, 535.37, 662.09, 588.90, 608.66, 616.74, 625.46, 577.56, 574.96, 608.66, 583.38, 583.56, 608.66, 587.48, 654.42, 588.23, 535.83, 608.66, 616.74, 625.46, 608.66, 616.74, 662.09, 577.56, 590.00, 608.66, 616.74, 608.66, 616.74, 608.66, 616.74, 583.38, 608.66, 606.32, 601.00, 588.23, 583.38, 608.66, 598.71, 609.43, 626.84, 558.12, 601.00, 616.74, 593.89, 534.66, 608.66, 588.23, 616.74, 608.66, 588.23, 577.56, 590.82, 662.09, 558.12, 583.38, 662.09, 598.71, 616.74, 581.70, 583.38, 606.33, 558.12, 589.92, 626.37, 535.37, 583.38, 588.23, 588.23, 590.00, 591.36, 577.93, 534.66, 581.70, 591.36, 590.00, 588.23, 608.66, 535.37, 616.74, 608.66, 587.48, 590.00, 570.16, 583.38, 662.09, 616.74, 558.26, 626.84, 558.12, 584.16, 626.84, 616.74, 608.66, 584.16, 583.38, 583.38, 588.23, 583.38, 583.38, 588.23, 583.38, 592.35, 590.82, 570.81, 558.12, 606.32, 608.66, 588.23, 616.74, 605.54, 608.66, 616.74Nearest Neighbor Driver with metric Cosine Distance


Unknown: DEDICATION TO THE ENGLISH NATION.txt (unknown)
592.35, 583.38, 584.16, 662.09, 616.74, 559.14, 570.81, 616.74, 588.90, 608.66, 616.74, 609.43, 590.82, 583.38, 583.56, 588.23, 591.36, 625.46, 662.09, 591.36, 590.82, 584.16, 591.36, 590.00, 588.90, 535.37, 591.36, 588.23, 590.00, 608.66, 588.23, 616.74, 581.70, 577.93, 588.23, 590.00, 558.12, 660.11, 583.56, 601.00, 592.35, 626.84, 583.38, 583.38, 626.84, 583.38, 584.16, 608.66, 583.38, 584.16, 625.46, 588.23, 590.00, 608.66, 590.82, 588.23, 583.38, 581.70, 564.67, 608.66, 616.74, 592.35, 662.09, 578.15, 662.09, 592.35, 608.66, 616.74, 578.15, 588.23, 534.66, 606.32, 601.00, 588.23, 592.35, 605.54, 662.09, 588.90, 608.66, 587.48, 578.15, 558.12, 588.23, 584.16, 583.38, 601.00, 616.74, 608.66, 605.54, 583.38, 662.09, 588.23, 574.96, 581.70, 590.00, 583.38, 608.66, 588.23, 591.36, 564.67, 608.66, 581.70, 559.14, 577.56, 608.66, 598.71, 558.12, 593.89, 616.74, 608.66, 588.23, 591.36, 535.37, 606.32, 581.70, 564.67, 608.66, 616.74, 535.37, 616.74, 535.37, 616.74, 589.92, 625.46, 608.66, 616.74, 558.12, 608.66, 583.38, 639.60, 616.74, 608.66, 581.70, 564.67, 570.16, 598.71, 584.16, 558.26, 590.82, 608.66, 616.74, 558.12, 605.54, 626.84, 589.92, 616.74, 588.23, 592.35, 609.43, 584.16, 583.38, 626.84, 588.90, 605.54, 626.84, 583.38, 608.66, 662.09, 535.37, 534.66, 616.74, 588.23, 662.09, 558.12, 616.74, 608.66, 559.14, 603.26, 662.09, 626.84, 558.12, 583.56, 605.54, 535.37, 592.35, 577.56, 584.16, 558.26, 608.66, 616.74, 588.23, 583.38, 590.82, 654.42, 535.83, 598.71, 626.84, 588.23, 534.66, 626.84, 534.66, 626.84, 577.56, 608.66, 616.74, 608.66, 581.70, 608.66, 616.74, 577.56, 608.66, 588.23, 616.74, 601.00, 588.23, 577.56, 608.66, 616.74, 583.38, 662.09, 558.12, 577.56, 581.70, 601.00, 616.74, 593.89, 564.67, 583.38, 626.84, 535.37, 559.14, 608.66, 558.12, 589.92, 559.14, 608.66, 616.74, 588.23, 581.70, 564.67, 601.00, 590.00, 608.66, 564.67, 608.66, 616.74, 608.66, 581.70, 558.12, 591.36, 569.33, 577.56, 608.66, 581.70, 569.33, 577.56, 534.66, 581.70, 608.66, 583.38, 608.66, 577.56, 534.66, 581.70, 608.66, 558.12, 606.32, 608.66, 559.14, 608.66, 583.56, 608.66, 581.70, 564.67, 616.74, 608.66, 581.70, 564.67, 559.14, 608.66, 616.74, 588.23, 608.66, 616.74, 608.66, 625.46, 559.14, 608.66, 588.23, 616.74, 593.89, 583.56, 626.84, 564.67, 569.33, 577.56, 588.23, 590.82, 577.93, 583.38, 660.11, 625.46, 660.11, 558.26, 588.23, 608.66, 588.23, 558.12, 608.66, 588.23, 608.66, 559.14, 601.00, 616.74, 592.35, 584.16, 558.26, 564.67, 534.66, 583.38, 608.66, 616.74, 559.14, 608.66, 616.74, 660.11, 626.84, 535.37, 616.74, 660.11, 591.36, 616.74, 608.66, 581.70, 577.93, 583.38, 662.09, 608.66, 583.38, 608.66, 590.00, 558.12, 608.66, 616.74, 616.74, 662.09, 616.74, 608.66, 608.66, 616.74, 608.66, 564.67, 608.66, 534.66, 581.70, 569.33, 590.82, 558.12, 608.66, 616.74, 616.74, 592.35, 577.56, 608.66, 616.74, 608.66, 581.70, 608.66, 616.74, 577.56, 588.23, 577.56, 608.66, 616.74, 608.66, 583.38, 662.09, 581.70, 616.74, 608.66, 584.16, 583.38, 589.92, 616.74, 608.66, 608.66, 616.74, 608.66, 581.70, 662.09, 558.12, 588.90, 588.23, 662.09, 588.90, 616.74, 581.70, 588.23, 608.66, 616.74, 662.09, 626.84, 558.12, 608.66, 616.74, 608.66, 577.56, 570.16, 583.56, 590.82, 588.90, 588.23, 625.46, 570.81, 588.90, 583.38, 584.16, 577.56, 558.12, 608.66, 616.74, 598.71, 590.82, 588.23, 608.66, 590.82, 558.12, 660.11, 654.42, 606.32, 608.66, 588.23, 616.74, 608.66, 588.23, 590.82, 654.42, 583.38, 608.66, 577.56, 577.93, 570.81, 558.12, 587.48, 535.37, 662.09, 588.90, 608.66, 616.74, 625.46, 577.56, 574.96, 608.66, 583.38, 583.56, 608.66, 587.48, 654.42, 588.23, 535.83, 608.66, 616.74, 625.46, 608.66, 616.74, 662.09, 577.56, 590.00, 608.66, 616.74, 608.66, 616.74, 608.66, 616.74, 583.38, 608.66, 606.32, 601.00, 588.23, 583.38, 608.66, 598.71, 609.43, 626.84, 558.12, 601.00, 616.74, 593.89, 534.66, 608.66, 588.23, 616.74, 608.66, 588.23, 577.56, 590.82, 662.09, 558.12, 583.38, 662.09, 598.71, 616.74, 581.70, 583.38, 606.33, 558.12, 589.92, 626.37, 535.37, 583.38, 588.23, 588.23, 590.00, 591.36, 577.93, 534.66, 581.70, 591.36, 590.00, 588.23, 608.66, 535.37, 616.74, 608.66, 587.48, 590.00, 570.16, 583.38, 662.09, 616.74, 558.26, 626.84, 558.12, 584.16, 626.84, 616.74, 608.66, 584.16, 583.38, 583.38, 588.23, 583.38, 583.38, 588.23, 583.38, 592.35, 590.82, 570.81, 558.12, 606.32, 608.66, 588.23, 616.74, 605.54, 608.66, 616.74WEKA Multilayer Perceptron


Unknown: DEDICATION TO THE ENGLISH NATION.txt (unknown)
592.35, 583.38, 584.16, 662.09, 616.74, 559.14, 570.81, 616.74, 588.90, 608.66, 616.74, 609.43, 590.82, 583.38, 583.56, 588.23, 591.36, 625.46, 662.09, 591.36, 590.82, 584.16, 591.36, 590.00, 588.90, 535.37, 591.36, 588.23, 590.00, 608.66, 588.23, 616.74, 581.70, 577.93, 588.23, 590.00, 558.12, 660.11, 583.56, 601.00, 592.35, 626.84, 583.38, 583.38, 626.84, 583.38, 584.16, 608.66, 583.38, 584.16, 625.46, 588.23, 590.00, 608.66, 590.82, 588.23, 583.38, 581.70, 564.67, 608.66, 616.74, 592.35, 662.09, 578.15, 662.09, 592.35, 608.66, 616.74, 578.15, 588.23, 534.66, 606.32, 601.00, 588.23, 592.35, 605.54, 662.09, 588.90, 608.66, 587.48, 578.15, 558.12, 588.23, 584.16, 583.38, 601.00, 616.74, 608.66, 605.54, 583.38, 662.09, 588.23, 574.96, 581.70, 590.00, 583.38, 608.66, 588.23, 591.36, 564.67, 608.66, 581.70, 559.14, 577.56, 608.66, 598.71, 558.12, 593.89, 616.74, 608.66, 588.23, 591.36, 535.37, 606.32, 581.70, 564.67, 608.66, 616.74, 535.37, 616.74, 535.37, 616.74, 589.92, 625.46, 608.66, 616.74, 558.12, 608.66, 583.38, 639.60, 616.74, 608.66, 581.70, 564.67, 570.16, 598.71, 584.16, 558.26, 590.82, 608.66, 616.74, 558.12, 605.54, 626.84, 589.92, 616.74, 588.23, 592.35, 609.43, 584.16, 583.38, 626.84, 588.90, 605.54, 626.84, 583.38, 608.66, 662.09, 535.37, 534.66, 616.74, 588.23, 662.09, 558.12, 616.74, 608.66, 559.14, 603.26, 662.09, 626.84, 558.12, 583.56, 605.54, 535.37, 592.35, 577.56, 584.16, 558.26, 608.66, 616.74, 588.23, 583.38, 590.82, 654.42, 535.83, 598.71, 626.84, 588.23, 534.66, 626.84, 534.66, 626.84, 577.56, 608.66, 616.74, 608.66, 581.70, 608.66, 616.74, 577.56, 608.66, 588.23, 616.74, 601.00, 588.23, 577.56, 608.66, 616.74, 583.38, 662.09, 558.12, 577.56, 581.70, 601.00, 616.74, 593.89, 564.67, 583.38, 626.84, 535.37, 559.14, 608.66, 558.12, 589.92, 559.14, 608.66, 616.74, 588.23, 581.70, 564.67, 601.00, 590.00, 608.66, 564.67, 608.66, 616.74, 608.66, 581.70, 558.12, 591.36, 569.33, 577.56, 608.66, 581.70, 569.33, 577.56, 534.66, 581.70, 608.66, 583.38, 608.66, 577.56, 534.66, 581.70, 608.66, 558.12, 606.32, 608.66, 559.14, 608.66, 583.56, 608.66, 581.70, 564.67, 616.74, 608.66, 581.70, 564.67, 559.14, 608.66, 616.74, 588.23, 608.66, 616.74, 608.66, 625.46, 559.14, 608.66, 588.23, 616.74, 593.89, 583.56, 626.84, 564.67, 569.33, 577.56, 588.23, 590.82, 577.93, 583.38, 660.11, 625.46, 660.11, 558.26, 588.23, 608.66, 588.23, 558.12, 608.66, 588.23, 608.66, 559.14, 601.00, 616.74, 592.35, 584.16, 558.26, 564.67, 534.66, 583.38, 608.66, 616.74, 559.14, 608.66, 616.74, 660.11, 626.84, 535.37, 616.74, 660.11, 591.36, 616.74, 608.66, 581.70, 577.93, 583.38, 662.09, 608.66, 583.38, 608.66, 590.00, 558.12, 608.66, 616.74, 616.74, 662.09, 616.74, 608.66, 608.66, 616.74, 608.66, 564.67, 608.66, 534.66, 581.70, 569.33, 590.82, 558.12, 608.66, 616.74, 616.74, 592.35, 577.56, 608.66, 616.74, 608.66, 581.70, 608.66, 616.74, 577.56, 588.23, 577.56, 608.66, 616.74, 608.66, 583.38, 662.09, 581.70, 616.74, 608.66, 584.16, 583.38, 589.92, 616.74, 608.66, 608.66, 616.74, 608.66, 581.70, 662.09, 558.12, 588.90, 588.23, 662.09, 588.90, 616.74, 581.70, 588.23, 608.66, 616.74, 662.09, 626.84, 558.12, 608.66, 616.74, 608.66, 577.56, 570.16, 583.56, 590.82, 588.90, 588.23, 625.46, 570.81, 588.90, 583.38, 584.16, 577.56, 558.12, 608.66, 616.74, 598.71, 590.82, 588.23, 608.66, 590.82, 558.12, 660.11, 654.42, 606.32, 608.66, 588.23, 616.74, 608.66, 588.23, 590.82, 654.42, 583.38, 608.66, 577.56, 577.93, 570.81, 558.12, 587.48, 535.37, 662.09, 588.90, 608.66, 616.74, 625.46, 577.56, 574.96, 608.66, 583.38, 583.56, 608.66, 587.48, 654.42, 588.23, 535.83, 608.66, 616.74, 625.46, 608.66, 616.74, 662.09, 577.56, 590.00, 608.66, 616.74, 608.66, 616.74, 608.66, 616.74, 583.38, 608.66, 606.32, 601.00, 588.23, 583.38, 608.66, 598.71, 609.43, 626.84, 558.12, 601.00, 616.74, 593.89, 534.66, 608.66, 588.23, 616.74, 608.66, 588.23, 577.56, 590.82, 662.09, 558.12, 583.38, 662.09, 598.71, 616.74, 581.70, 583.38, 606.33, 558.12, 589.92, 626.37, 535.37, 583.38, 588.23, 588.23, 590.00, 591.36, 577.93, 534.66, 581.70, 591.36, 590.00, 588.23, 608.66, 535.37, 616.74, 608.66, 587.48, 590.00, 570.16, 583.38, 662.09, 616.74, 558.26, 626.84, 558.12, 584.16, 626.84, 616.74, 608.66, 584.16, 583.38, 583.38, 588.23, 583.38, 583.38, 588.23, 583.38, 592.35, 590.82, 570.81, 558.12, 606.32, 608.66, 588.23, 616.74, 605.54, 608.66, 616.74WEKA SMO


Unknown: DEDICATION TO THE ENGLISH NATION.txt (unknown)
592.35, 583.38, 584.16, 662.09, 616.74, 559.14, 570.81, 616.74, 588.90, 608.66, 616.74, 609.43, 590.82, 583.38, 583.56, 588.23, 591.36, 625.46, 662.09, 591.36, 590.82, 584.16, 591.36, 590.00, 588.90, 535.37, 591.36, 588.23, 590.00, 608.66, 588.23, 616.74, 581.70, 577.93, 588.23, 590.00, 558.12, 660.11, 583.56, 601.00, 592.35, 626.84, 583.38, 583.38, 626.84, 583.38, 584.16, 608.66, 583.38, 584.16, 625.46, 588.23, 590.00, 608.66, 590.82, 588.23, 583.38, 581.70, 564.67, 608.66, 616.74, 592.35, 662.09, 578.15, 662.09, 592.35, 608.66, 616.74, 578.15, 588.23, 534.66, 606.32, 601.00, 588.23, 592.35, 605.54, 662.09, 588.90, 608.66, 587.48, 578.15, 558.12, 588.23, 584.16, 583.38, 601.00, 616.74, 608.66, 605.54, 583.38, 662.09, 588.23, 574.96, 581.70, 590.00, 583.38, 608.66, 588.23, 591.36, 564.67, 608.66, 581.70, 559.14, 577.56, 608.66, 598.71, 558.12, 593.89, 616.74, 608.66, 588.23, 591.36, 535.37, 606.32, 581.70, 564.67, 608.66, 616.74, 535.37, 616.74, 535.37, 616.74, 589.92, 625.46, 608.66, 616.74, 558.12, 608.66, 583.38, 639.60, 616.74, 608.66, 581.70, 564.67, 570.16, 598.71, 584.16, 558.26, 590.82, 608.66, 616.74, 558.12, 605.54, 626.84, 589.92, 616.74, 588.23, 592.35, 609.43, 584.16, 583.38, 626.84, 588.90, 605.54, 626.84, 583.38, 608.66, 662.09, 535.37, 534.66, 616.74, 588.23, 662.09, 558.12, 616.74, 608.66, 559.14, 603.26, 662.09, 626.84, 558.12, 583.56, 605.54, 535.37, 592.35, 577.56, 584.16, 558.26, 608.66, 616.74, 588.23, 583.38, 590.82, 654.42, 535.83, 598.71, 626.84, 588.23, 534.66, 626.84, 534.66, 626.84, 577.56, 608.66, 616.74, 608.66, 581.70, 608.66, 616.74, 577.56, 608.66, 588.23, 616.74, 601.00, 588.23, 577.56, 608.66, 616.74, 583.38, 662.09, 558.12, 577.56, 581.70, 601.00, 616.74, 593.89, 564.67, 583.38, 626.84, 535.37, 559.14, 608.66, 558.12, 589.92, 559.14, 608.66, 616.74, 588.23, 581.70, 564.67, 601.00, 590.00, 608.66, 564.67, 608.66, 616.74, 608.66, 581.70, 558.12, 591.36, 569.33, 577.56, 608.66, 581.70, 569.33, 577.56, 534.66, 581.70, 608.66, 583.38, 608.66, 577.56, 534.66, 581.70, 608.66, 558.12, 606.32, 608.66, 559.14, 608.66, 583.56, 608.66, 581.70, 564.67, 616.74, 608.66, 581.70, 564.67, 559.14, 608.66, 616.74, 588.23, 608.66, 616.74, 608.66, 625.46, 559.14, 608.66, 588.23, 616.74, 593.89, 583.56, 626.84, 564.67, 569.33, 577.56, 588.23, 590.82, 577.93, 583.38, 660.11, 625.46, 660.11, 558.26, 588.23, 608.66, 588.23, 558.12, 608.66, 588.23, 608.66, 559.14, 601.00, 616.74, 592.35, 584.16, 558.26, 564.67, 534.66, 583.38, 608.66, 616.74, 559.14, 608.66, 616.74, 660.11, 626.84, 535.37, 616.74, 660.11, 591.36, 616.74, 608.66, 581.70, 577.93, 583.38, 662.09, 608.66, 583.38, 608.66, 590.00, 558.12, 608.66, 616.74, 616.74, 662.09, 616.74, 608.66, 608.66, 616.74, 608.66, 564.67, 608.66, 534.66, 581.70, 569.33, 590.82, 558.12, 608.66, 616.74, 616.74, 592.35, 577.56, 608.66, 616.74, 608.66, 581.70, 608.66, 616.74, 577.56, 588.23, 577.56, 608.66, 616.74, 608.66, 583.38, 662.09, 581.70, 616.74, 608.66, 584.16, 583.38, 589.92, 616.74, 608.66, 608.66, 616.74, 608.66, 581.70, 662.09, 558.12, 588.90, 588.23, 662.09, 588.90, 616.74, 581.70, 588.23, 608.66, 616.74, 662.09, 626.84, 558.12, 608.66, 616.74, 608.66, 577.56, 570.16, 583.56, 590.82, 588.90, 588.23, 625.46, 570.81, 588.90, 583.38, 584.16, 577.56, 558.12, 608.66, 616.74, 598.71, 590.82, 588.23, 608.66, 590.82, 558.12, 660.11, 654.42, 606.32, 608.66, 588.23, 616.74, 608.66, 588.23, 590.82, 654.42, 583.38, 608.66, 577.56, 577.93, 570.81, 558.12, 587.48, 535.37, 662.09, 588.90, 608.66, 616.74, 625.46, 577.56, 574.96, 608.66, 583.38, 583.56, 608.66, 587.48, 654.42, 588.23, 535.83, 608.66, 616.74, 625.46, 608.66, 616.74, 662.09, 577.56, 590.00, 608.66, 616.74, 608.66, 616.74, 608.66, 616.74, 583.38, 608.66, 606.32, 601.00, 588.23, 583.38, 608.66, 598.71, 609.43, 626.84, 558.12, 601.00, 616.74, 593.89, 534.66, 608.66, 588.23, 616.74, 608.66, 588.23, 577.56, 590.82, 662.09, 558.12, 583.38, 662.09, 598.71, 616.74, 581.70, 583.38, 606.33, 558.12, 589.92, 626.37, 535.37, 583.38, 588.23, 588.23, 590.00, 591.36, 577.93, 534.66, 581.70, 591.36, 590.00, 588.23, 608.66, 535.37, 616.74, 608.66, 587.48, 590.00, 570.16, 583.38, 662.09, 616.74, 558.26, 626.84, 558.12, 584.16, 626.84, 616.74, 608.66, 584.16, 583.38, 583.38, 588.23, 583.38, 583.38, 588.23, 583.38, 592.35, 590.82, 570.81, 558.12, 606.32, 608.66, 588.23, 616.74, 605.54, 608.66, 616.74